MOVSTAR	
	
MVNUMB	STARNUMB
1	1
1	2
2	3
2	4
3	5
4	6
4	7
5	8
6	9
6	10
7	2
8	11
8	12
9	13
10	14
10	15
11	1
11	2
12	8
12	17
13	14
14	16
15	17
15	18
16	8
17	14
17	19
18	20
19	21
20	22
20	23
21	24
22	8
22	26
23	25
23	26
24	27


	DVD's Table			
			 	
dvdnumb	mvnumb	purdate	tmsrnt	mmbnumb
1	1	1994-04-26	4	_
2	2	1994-04-26	2	2
3	3	1994-04-26	6	-
4	4	1994-04-28	8	10
5	5	1994-12-05	3	4
6	6	1994-12-05	8	-
7	7	1994-12-05	2	2
8	8	1994-12-05	9	8
9	6	1994-06-26	1	-
10	9	1994-06-26	7	3
11	10	1994-06-26	10	-
12	11	1994-11-07	6	6
13	12	1994-02-08	4	-
14	6	1994-02-08	5	-
15	13	1994-08-25	2	2
16	14	1994-08-25	7	-
17	15	1994-07-09	11	-
18	16	1994-07-09	6	8
19	17	1994-09-23	3	-
20	14	1994-12-10	4	3
21	18	1994-11-15	8	-
22	19	1994-11-15	3	-
23	20	1994-12-21	4	-
24	21	1995-11-01	9	7
25	22	1995-02-14	2	-
26	23	1995-02-14	1	-
27	24	1995-06-03	4	3
